nodes 3000
add
0 2729 1276 
1 1286 2327 
2 475 1993 
3 1485 1710 
4 454 1170 
5 290 2781 
6 1766 918 
7 16 1933 
8 2983 1880 
9 1538 1474 
10 2658 585 
11 2174 1298 
12 1901 78 
13 785 908 
14 1406 1702 
15 2449 1148 
16 2133 
17 777 1986 
18 1644 2692 
19 168 366 
20 1608 1978 
21 2313 1588 
22 748 2936 
23 549 1575 
24 323 2546 
25 2204 1311 
26 1065 2404 
27 397 604 
28 1160 2013 
29 2665 703 
30 1595 1286 
31 2206 2326 
32 744 1113 
33 346 899 
34 1238 904 
35 1814 1559 
36 1163 442 
37 150 2871 
38 2393 1833 
39 425 2776 
40 2601 1791 
41 1810 1434 
42 1848 1028 
43 1666 407 
44 1097 2417 
45 2087 958 
46 2299 2487 
47 527 2857 
48 2691 1120 
49 1474 689 
50 2164 551 
51 2440 491 
52 891 1382 
53 722 
54 696 2649 
55 2914 2069 
56 2314 1029 
57 2490 2015 
58 1053 2667 
59 169 672 
60 2222 2858 
61 142 2731 
62 351 1075 
63 1790 2394 
64 1565 1712 
65 2310 2951 
66 307 1647 
67 536 2680 
68 2177 1570 
69 2681 2376 
70 1918 2038 
71 1240 2520 
72 1633 2721 
73 2245 283 
74 1726 1496 
75 260 1139 
76 2870 1479 
77 818 624 
78 2629 
79 524 2195 
80 901 795 
81 2210 887 
82 2932 1670 
83 442 2109 
84 590 1535 
85 2489 2115 
86 2079 1992 
87 2146 2560 
88 2707 502 
89 277 368 
90 1261 2280 
91 1320 2325 
92 1276 1905 
93 2083 2902 
94 1891 2231 
95 2807 2592 
96 1486 1178 
97 2885 815 
98 2184 1852 
99 1788 2255 
100 2329 893 
101 1297 480 
102 610 903 
103 453 522 
104 2476 2100 
105 2331 1935 
106 858 1495 
107 975 1389 
108 2104 2147 
109 172 2825 
110 859 543 
111 380 2865 
112 248 320 
113 2577 369 
114 605 929 
115 871 1133 
116 2270 507 
117 2138 2669 
118 1632 1771 
119 2486 828 
120 1708 1124 
121 869 1032 
122 1627 987 
123 1711 1824 
124 1375 1618 
125 788 902 
126 2072 1840 
127 1524 768 
128 2495 279 
129 2507 2021 
130 2546 1621 
131 1765 2774 
132 751 1699 
133 942 1372 
134 1257 2986 
135 2539 2996 
136 657 923 
137 1113 544 
138 1933 645 
139 2101 1136 
140 2564 269 
141 849 2108 
142 2905 
143 2317 1742 
144 1775 1218 
145 683 189 
146 1573 1314 
147 986 2723 
148 2267 2506 
149 1250 1325 
150 208 
151 509 409 
152 1988 807 
153 1917 2434 
154 2880 2860 
155 223 2291 
156 1001 610 
157 1864 1498 
158 1647 384 
159 2373 988 
160 1853 2804 
161 886 2831 
162 606 1730 
163 1677 2973 
164 780 1561 
165 1852 2970 
166 586 783 
167 2012 2838 
168 1172 
169 444 
170 1445 2485 
171 2112 2615 
172 1209 
173 2645 1949 
174 366 2171 
175 2904 1041 
176 2481 789 
177 278 2252 
178 2144 2274 
179 2649 195 
180 1518 1395 
181 797 1137 
182 2080 1428 
183 2335 1751 
184 1144 1042 
185 432 2004 
186 431 1473 
187 2967 2416 
188 461 2354 
189 1673 
190 718 832 
191 1721 702 
192 1118 344 
193 386 1508 
194 597 1764 
195 2378 
196 2220 1247 
197 1589 2515 
198 742 326 
199 2570 1220 
200 1730 1841 
201 1168 2351 
202 1816 1079 
203 1443 430 
204 2674 1746 
205 2152 1514 
206 889 2240 
207 1735 436 
208 1038 
209 1110 2390 
210 1490 1581 
211 233 2522 
212 2093 1549 
213 1068 1455 
214 1511 2842 
215 1346 230 
216 1782 1195 
217 2319 1783 
218 2652 2566 
219 1882 1281 
220 1087 936 
221 285 800 
222 1981 1747 
223 2824 
224 1426 2128 
225 1073 2124 
226 496 1548 
227 2596 2695 
228 1998 1445 
229 2009 1361 
230 2819 
231 2595 2921 
232 2523 698 
233 2977 
234 2403 2452 
235 1537 1111 
236 2062 1065 
237 1912 2526 
238 2010 2551 
239 435 325 
240 1183 256 
241 2434 2651 
242 1451 345 
243 543 2087 
244 1813 917 
245 656 415 
246 1700 2114 
247 355 2123 
248 2804 
249 1051 652 
250 2679 2997 
251 1776 2738 
252 313 750 
253 814 1307 
254 894 1338 
255 1752 1812 
256 1301 
257 1424 1778 
258 723 570 
259 2298 1745 
260 954 
261 2528 814 
262 2829 2688 
263 2201 2558 
264 363 1762 
265 1464 1821 
266 728 2481 
267 395 1122 
268 680 1811 
269 558 
270 518 287 
271 1400 2653 
272 2399 657 
273 1705 1305 
274 281 1641 
275 699 2295 
276 552 882 
277 1002 
278 1674 
279 2387 
280 983 2536 
281 1733 
282 555 2078 
283 1390 
284 2752 1799 
285 1842 
286 1456 2624 
287 1077 
288 1108 1539 
289 2475 2791 
290 1228 
291 1610 1563 
292 2381 1872 
293 1430 884 
294 2859 1258 
295 654 2419 
296 1764 1457 
297 2797 400 
298 2115 2367 
299 387 1308 
300 1215 2660 
301 469 2190 
302 2837 2620 
303 2745 656 
304 1029 2332 
305 1716 499 
306 1863 825 
307 2040 
308 2628 854 
309 2939 1926 
310 1222 376 
311 2740 1466 
312 375 2482 
313 2414 
314 955 1339 
315 1950 1019 
316 2769 2040 
317 1015 2778 
318 775 1594 
319 1822 2226 
320 976 
321 2293 1825 
322 2459 2218 
323 981 
324 1143 2170 
325 2694 
326 1324 
327 1204 1574 
328 915 446 
329 1851 1421 
330 979 438 
331 2787 2845 
332 1697 2007 
333 2890 765 
334 881 1125 
335 1019 1199 
336 776 2853 
337 2387 2742 
338 1903 2636 
339 1606 2136 
340 1843 2470 
341 719 1505 
342 413 2746 
343 2067 521 
344 2547 
345 2507 
346 1566 
347 1907 2496 
348 2620 786 
349 421 1856 
350 816 535 
351 2382 
352 2143 916 
353 1646 954 
354 675 1252 
355 2303 
356 1741 1968 
357 2007 2741 
358 643 1660 
359 2935 2031 
360 976 482 
361 2050 1584 
362 2894 1230 
363 416 
364 2300 2765 
365 2782 837 
367 1391 2755 
368 840 
369 1350 
370 1792 512 
371 542 2192 
372 1232 1086 
373 2413 2628 
374 841 2508 
375 1880 
376 2477 
377 2192 453 
378 1165 692 
379 2282 1167 
380 698 
381 1836 1682 
382 2230 1095 
383 477 2372 
384 749 
385 1753 690 
386 973 
387 1020 
388 449 555 
389 539 2705 
390 2602 1690 
391 530 671 
392 2949 1607 
393 2316 1442 
394 805 1558 
395 1028 
396 2265 1876 
397 1083 
398 473 2166 
399 2026 565 
400 1562 
401 1023 2048 
402 2380 2245 
403 1829 1312 
404 1958 2371 
405 2477 1370 
406 1915 1693 
407 1471 
408 1067 944 
409 950 
410 1212 1668 
411 2524 2427 
412 436 1597 
413 2383 
414 2005 1243 
415 2903 
416 619 
417 893 424 
418 1921 2793 
419 2830 2431 
420 2918 735 
421 500 
422 2426 2034 
423 1070 2306 
424 2859 
425 2950 
426 2858 1213 
427 724 922 
428 495 890 
429 804 2950 
430 931 
431 2227 
432 1919 
433 769 444 
434 632 1583 
435 907 
437 2488 715 
438 1870 
439 484 1579 
440 1667 552 
441 2533 2614 
443 1058 1898 
445 1517 2091 
446 972 
447 2991 526 
448 1986 1625 
449 2535 
450 1715 1134 
451 1510 2980 
452 2029 1380 
454 874 
455 1643 2344 
456 2171 1173 
457 939 1132 
458 521 459 
459 2193 
460 1577 1436 
461 2947 
462 1112 1939 
463 765 1309 
464 582 1151 
465 1497 646 
466 840 2177 
467 679 712 
468 1926 746 
469 2350 
470 2199 1001 
471 1944 2922 
472 2261 2896 
473 480 
474 2346 1003 
475 2586 
476 2554 658 
477 2311 
478 2390 2539 
479 1603 819 
481 872 1227 
482 2278 
483 2696 2235 
484 828 
485 1182 1554 
486 2911 2203 
487 2560 747 
488 910 1615 
489 629 799 
490 2953 2603 
491 2597 
492 2031 1661 
493 517 961 
494 774 1654 
495 1188 
496 1012 
497 1954 2704 
498 1982 1533 
499 2737 
500 2397 
501 1069 2609 
502 2045 
503 2315 1652 
504 2611 1472 
505 583 2275 
506 2157 957 
507 1359 
508 2731 730 
509 1476 
510 670 619 
511 831 1720 
512 1050 
513 796 684 
514 1078 1146 
515 2876 2127 
516 2284 836 
517 2631 
518 519 
519 2924 
520 1359 1126 
522 1187 
523 800 947 
524 2262 
525 1159 2530 
526 2008 
527 2593 
528 781 1379 
529 1280 1147 
530 2108 
531 2418 1948 
532 602 1985 
533 2049 574 
534 2236 1014 
535 1229 
536 2735 
537 1773 892 
538 2809 2425 
539 1642 
540 2156 2875 
541 1484 1138 
542 1865 
544 808 
545 1387 603 
546 1396 1820 
547 2209 2575 
548 1084 2948 
549 1307 
550 2278 769 
551 1068 
553 2019 1513 
554 1158 1190 
556 2610 2916 
557 1187 2611 
558 2610 
559 1534 2185 
560 2921 710 
561 870 1408 
562 1536 969 
563 1230 1884 
564 905 1769 
565 1066 
566 924 2967 
567 2630 2601 
568 716 2668 
569 1043 2940 
570 621 
571 2975 2714 
572 1354 856 
573 2635 2619 
574 1327 
575 1092 1952 
576 738 2981 
577 1302 1839 
578 990 1638 
579 2149 1084 
580 2338 1617 
581 1436 2259 
582 1434 
583 1681 
584 764 1525 
585 1984 
586 1221 
587 900 2739 
588 2404 1049 
589 2474 1620 
590 1760 
591 1350 614 
592 1522 868 
593 2789 1010 
594 1174 650 
595 1471 2057 
596 1296 900 
597 1459 
598 1327 2060 
599 2515 2795 
600 2872 1651 
601 1501 2647 
602 879 
603 2077 
604 2823 
605 2706 
606 2774 
607 2567 777 
608 1295 2749 
609 2169 1858 
611 2309 1772 
612 994 2585 
613 1525 1946 
614 2810 
615 2068 1159 
616 1477 2288 
617 2221 1793 
618 2835 2671 
620 2437 752 
621 1577 
622 1884 2490 
623 2720 1667 
624 1212 
625 1676 1718 
626 982 2213 
627 2958 2188 
628 658 2056 
629 2136 
630 648 2399 
631 1569 1399 
632 2063 
633 1531 1979 
634 645 1279 
635 1654 2338 
636 2410 1106 
637 2753 2813 
638 2485 1087 
639 903 731 
640 2942 2604 
641 1251 1186 
642 2366 2322 
643 2704 
644 1393 1916 
646 2106 
647 2944 682 
648 1287 
649 1096 2463 
650 1929 
651 2993 2816 
652 1481 
653 2499 871 
654 873 
655 1383 1046 
659 1948 1078 
660 1318 1540 
661 1263 857 
662 1241 1093 
663 1175 1779 
664 2407 2690 
665 1759 1099 
666 820 2269 
667 1992 1674 
668 2622 2553 
669 2504 1239 
670 2749 
671 2999 
672 975 
673 2435 963 
674 1936 2995 
675 2352 
676 1777 1023 
677 2972 2319 
678 1300 1637 
679 2003 
680 2468 
681 1234 1340 
682 2375 
683 1702 
684 1530 
685 2678 2407 
686 997 2919 
687 1060 1632 
688 770 1165 
689 2812 
690 2310 
691 737 697 
692 1328 
693 799 1823 
694 2711 930 
695 1559 2392 
696 2155 
697 2663 
699 1939 
700 1242 1643 
701 2987 1895 
702 1476 
703 1881 
704 2612 1734 
705 1815 1129 
706 710 1488 
707 1031 1352 
708 1789 2208 
709 931 1289 
711 1480 2762 
712 1331 
713 1099 2374 
714 1821 798 
715 2323 
716 1071 
717 1255 2026 
718 817 
719 2808 
720 2376 2641 
721 1049 1758 
722 823 
723 2429 
724 1111 
725 2306 1877 
726 2168 2369 
727 2609 2046 
728 2025 
729 1205 2740 
730 1335 
731 1121 
732 2556 2475 
733 1283 2899 
734 2756 1557 
735 2917 
736 829 1642 
737 2273 
738 2882 
739 2841 2533 
740 1575 2900 
741 1162 1368 
742 2660 
743 1229 1850 
744 2454 
745 2557 1937 
746 2388 
747 2464 
748 1447 
749 844 
750 1509 
751 1098 
752 874 
753 1122 2976 
754 1887 1623 
755 2065 1911 
756 2862 1484 
757 2999 985 
758 1089 1047 
759 2186 1906 
760 1088 2514 
761 2686 2630 
762 1315 1596 
763 2416 2783 
764 1495 
766 2580 2725 
767 2685 2440 
768 2984 
770 2613 
771 2805 2758 
772 2839 829 
773 2421 1017 
774 2202 
775 2469 
776 1900 
778 2119 1722 
779 1668 2227 
780 2285 
781 887 
782 1010 2489 
783 1161 
784 1626 2094 
785 1979 
786 1274 
787 1757 906 
788 1362 
789 2828 
790 2461 2141 
791 1586 2398 
792 2768 889 
793 1281 2200 
794 1100 1266 
795 2090 
796 2431 
797 1119 
798 2267 
801 2555 2582 
802 2438 2110 
803 1620 2792 
804 1145 
805 1405 
806 1656 2211 
807 2221 
808 1976 
809 1207 2503 
810 1854 986 
811 2482 2299 
812 2092 1848 
813 1146 2607 
815 1321 
816 2895 
817 972 
818 1193 
819 2873 
820 2463 
821 2465 1284 
822 1971 1938 
823 2480 
824 2462 2382 
825 2236 
826 2281 1223 
827 2565 1045 
830 1717 1816 
831 2154 
832 2438 
833 1004 2851 
834 2973 1543 
835 2216 2154 
836 1890 
837 1365 
838 951 2134 
839 2173 1363 
841 1844 
842 2717 2962 
843 1150 2670 
844 2175 
845 1732 2880 
846 943 2815 
847 2615 1018 
848 1947 1489 
849 1416 
850 1512 1740 
851 1301 1831 
852 1203 2009 
853 2974 2599 
854 1250 
855 892 1452 
856 2002 
857 1176 
858 2919 
859 1190 
860 1609 2595 
861 1365 2627 
862 1899 2779 
863 1466 1909 
864 2372 2132 
865 2118 1917 
866 2625 1932 
867 2969 2798 
868 1708 
869 1645 
870 882 
872 2430 
873 2550 
875 2002 2645 
876 2111 1688 
877 1042 2036 
878 1734 1171 
879 1454 
880 1967 1402 
881 2551 
883 1881 1407 
884 1974 
885 945 2594 
886 1016 
888 1913 2747 
890 2194 
891 2385 
894 1791 
895 935 990 
896 1442 1827 
897 2248 1072 
898 2922 1085 
899 2005 
901 1260 
902 2403 
904 1012 
905 1331 
906 1868 
907 1266 
908 2623 
909 2854 2955 
910 1219 
911 1052 1329 
912 2811 1678 
913 1929 2949 
914 1857 951 
915 1772 
916 946 
917 2850 
918 1235 
919 2996 1924 
920 1336 2065 
921 2240 2772 
922 1135 
923 2207 
924 2963 
925 2363 2841 
926 2483 1671 
927 1840 1619 
928 1361 2282 
929 1261 
930 1069 
932 2021 1628 
933 2057 1376 
934 2082 1096 
935 2205 
936 2622 
937 2493 2215 
938 2784 2460 
939 1909 
940 2033 1401 
941 1224 1081 
942 2750 
943 2233 
944 1560 
945 1003 
946 2878 
947 2780 
948 2542 2001 
949 2530 2478 
950 2983 
952 2936 2277 
953 1410 2153 
955 1337 
956 2964 2848 
957 1163 
958 2579 
959 2754 2428 
960 1504 2360 
961 2674 
962 2400 2353 
963 2541 
964 1249 2047 
965 2997 1675 
966 2910 1998 
967 1783 1435 
968 2045 1345 
969 992 
970 2794 2822 
971 2226 1351 
973 2351 
974 2795 1887 
977 2341 2883 
978 2618 2068 
979 2703 
980 2662 1724 
981 1186 
982 1649 
983 1818 
984 1682 1956 
985 1209 
987 2467 
988 2241 
989 1378 2685 
991 1959 2701 
992 1228 
993 1624 2702 
994 2398 
995 2946 2019 
996 1778 1729 
997 2848 
998 1744 2602 
999 2673 1005 
1000 2825 2727 
1002 2579 
1004 1444 
1005 1659 
1006 1363 2720 
1007 2558 1493 
1008 1767 1633 
1009 1738 2718 
1011 1127 1759 
1013 1574 2724 
1014 1477 
1015 2751 
1016 1692 
1017 1499 
1018 1291 
1020 1106 
1021 2364 1901 
1022 1541 2443 
1024 2871 1686 
1025 1403 2010 
1026 1737 1358 
1027 2863 1364 
1030 1547 2405 
1031 2584 
1032 1270 
1033 1196 1398 
1034 2211 2972 
1035 2037 1414 
1036 1076 2340 
1037 2307 1957 
1038 2883 
1039 1411 2969 
1040 1943 2829 
1041 1288 
1043 1421 
1044 2073 2732 
1045 2273 
1046 2283 
1047 1807 
1048 2940 2257 
1050 1456 
1051 2725 
1052 2349 
1053 2179 
1054 1072 1927 
1055 1983 1341 
1056 1463 1320 
1057 1861 1828 
1058 2952 
1059 2954 1882 
1060 2641 
1061 2734 2492 
1062 1305 2525 
1063 1138 2885 
1064 2304 2814 
1066 2655 
1067 1252 
1070 1226 
1071 2160 
1073 2878 
1074 2251 1731 
1075 2355 
1076 2427 
1077 2689 
1079 2025 
1080 2348 1219 
1081 2270 
1082 1931 2569 
1083 2497 
1085 2413 
1086 1465 
1088 2011 
1089 2242 
1090 2857 1355 
1091 1932 2700 
1092 2666 
1093 2598 
1094 2039 2426 
1095 2877 
1097 1830 
1098 2548 
1100 1827 
1101 2054 2832 
1102 1505 2979 
1103 1599 2359 
1104 1601 1555 
1105 2042 2634 
1107 1817 1886 
1108 1872 
1109 2467 1454 
1110 2095 
1112 2520 
1114 2792 1337 
1115 2831 2469 
1116 1178 1867 
1117 1532 1969 
1118 2916 
1119 2537 
1120 2759 
1121 2538 
1123 2634 2556 
1124 1610 
1125 2501 
1126 1853 
1127 2697 
1128 2833 1572 
1129 1866 
1130 1176 2062 
1131 1930 2242 
1132 1640 
1133 1326 
1134 2234 
1135 2834 
1136 2172 
1137 2383 
1139 1553 
1140 1349 1657 
1141 2150 2095 
1142 1952 2102 
1143 2312 
1144 2816 
1145 2604 
1147 2219 
1148 2072 
1149 1344 1864 
1150 1858 
1151 2562 
1152 2965 1767 
1153 1736 2706 
1154 2594 1280 
1155 2008 2210 
1156 1745 2271 
1157 1357 1333 
1158 2553 
1160 1746 
1161 1417 
1162 1769 
1164 2763 2989 
1166 2619 2121 
1167 2149 
1168 1871 
1169 2428 1649 
1170 1310 
1171 2892 
1172 1583 
1173 2437 
1174 2487 
1175 1367 
1177 2796 2406 
1179 1962 1524 
1180 2962 2085 
1181 1770 1369 
1182 2716 
1183 1742 
1184 2327 2743 
1185 2099 1433 
1188 1640 
1189 2956 2357 
1191 2422 1920 
1192 2322 2662 
1193 2986 
1194 2574 2993 
1195 1795 
1196 2800 
1197 1703 1774 
1198 2190 2099 
1199 1469 
1200 2447 2532 
1201 2213 1635 
1202 2091 2058 
1203 2330 
1204 1768 
1205 2715 
1206 2943 2279 
1207 2803 
1208 1964 2205 
1210 1498 2311 
1211 1304 2347 
1213 2447 
1214 2680 1504 
1215 2638 
1216 2269 1566 
1217 1925 1300 
1218 2430 
1220 2516 
1221 1540 
1222 1684 
1223 2483 
1224 2722 
1225 1256 2328 
1226 2927 
1227 1706 
1231 2085 2510 
1232 1386 
1233 1506 2216 
1234 1343 
1235 2901 
1236 1571 1536 
1237 2903 2150 
1238 1877 
1239 1707 
1240 2239 
1241 1614 
1242 1785 
1243 2785 
1244 2458 2509 
1245 2279 2846 
1246 2793 2356 
1247 2934 
1248 2832 1893 
1249 1582 
1251 1616 
1253 1607 1405 
1254 2834 1334 
1255 2075 
1256 2332 
1257 2479 
1258 2204 
1259 2534 1761 
1260 2305 
1262 2163 2767 
1263 2135 
1264 2302 1854 
1265 2718 1302 
1267 1514 2456 
1268 2959 2888 
1269 1394 2391 
1270 2682 
1271 2266 1656 
1272 1953 1461 
1273 1546 2103 
1274 1598 
1275 1731 2104 
1277 1450 2261 
1278 2978 2920 
1279 2586 
1282 1990 1511 
1283 2014 
1284 2346 
1285 1556 2881 
1287 2985 
1288 2650 
1289 1697 
1290 2219 2266 
1291 2349 
1292 2764 2232 
1293 2182 2296 
1294 2772 2617 
1295 2516 
1296 2730 
1297 1591 
1298 2352 
1299 1419 1616 
1303 1718 1849 
1304 1834 
1306 1499 2726 
1308 2276 
1309 2158 
1310 1658 
1311 2462 
1312 2698 
1313 2513 1999 
1314 2686 
1315 2425 
1316 1568 2555 
1317 1381 1695 
1318 2920 
1319 2180 2801 
1321 1965 
1322 2496 1966 
1323 1722 2336 
1324 2030 
1325 1371 
1326 1801 
1328 1703 
1329 2958 
1330 1491 2646 
1332 2755 2935 
1333 1587 
1334 1485 
1335 2341 
1336 1999 
1338 2292 
1339 2638 
1340 2608 
1341 1512 
1342 1690 1629 
1343 2402 
1344 2275 
1345 1819 
1346 2733 
1347 2094 1550 
1348 2828 1792 
1349 2845 
1351 1830 
1352 2222 
1353 2675 2528 
1354 2814 
1355 2152 
1356 1938 2076 
1357 1672 
1358 2518 
1360 2450 1573 
1362 1831 
1364 2728 
1366 2347 2711 
1367 2532 
1368 1517 
1369 2228 
1370 2862 
1371 1794 
1372 2975 
1373 2401 1869 
1374 1576 1480 
1375 2494 
1376 2918 
1377 1985 1602 
1378 2442 
1379 1931 
1380 1967 
1381 1418 
1382 2290 
1383 2105 
1384 1879 2811 
1385 1441 2868 
1386 1619 
1387 1868 
1388 1960 2092 
1389 1507 
1390 2978 
1391 1509 
1392 2605 1788 
1393 1545 
1394 2086 
1395 2042 
1396 1578 
1397 1543 2612 
1398 1403 
1399 2523 
1400 1701 
1401 1700 
1402 2637 
1404 2318 1970 
1406 2283 
1407 2035 
1408 1631 
1409 1427 2285 
1410 2980 
1411 2423 
1412 1533 1894 
1413 2887 1423 
1414 2809 
1415 2356 2148 
1416 2272 
1417 2735 
1418 2776 
1419 2746 
1420 1611 2446 
1422 1942 2380 
1423 2308 
1424 1802 
1425 2762 1444 
1426 2624 
1427 2071 
1428 1981 
1429 2566 2803 
1430 1892 
1431 2653 2159 
1432 2669 2927 
1433 1802 
1435 2876 
1437 2913 2144 
1438 2027 2377 
1439 2276 1522 
1440 2134 1506 
1441 1750 
1443 2107 
1446 2576 1467 
1447 1669 
1448 1636 2297 
1449 1800 2990 
1450 2048 
1451 1941 
1452 1526 
1453 2988 2959 
1455 2157 
1457 2855 
1458 1874 2450 
1459 1787 
1460 2344 2914 
1461 2140 
1462 2288 1958 
1463 1963 
1464 1897 
1465 1634 
1467 1835 
1468 2699 1492 
1469 2249 
1470 2334 1900 
1472 1519 
1473 1732 
1475 2647 2864 
1478 2368 2991 
1479 2051 
1481 2229 
1482 2591 2957 
1483 2909 2155 
1486 2378 
1487 2823 2364 
1488 2658 
1489 2080 
1490 1507 
1491 2229 
1492 2081 
1493 1723 
1494 1873 2768 
1496 1921 
1497 2543 
1500 2617 2342 
1501 1937 
1502 2141 2097 
1503 1557 1545 
1508 1627 
1510 2938 
1513 2420 
1515 2053 1785 
1516 1564 2761 
1518 1812 
1519 1669 
1520 2196 1664 
1521 1976 2806 
1523 1618 2120 
1526 1547 
1527 2643 2070 
1528 1824 2494 
1529 2900 2265 
1530 1862 
1531 2773 
1532 1896 
1534 1653 
1535 2710 
1537 2263 
1538 1972 
1539 2365 
1541 2176 
1542 2038 2926 
1544 2132 1845 
1546 2274 
1548 2552 
1549 1601 
1550 2084 
1551 2395 1803 
1552 2925 1922 
1553 2833 
1554 2717 
1555 1997 
1556 2023 
1558 2799 
1560 2320 
1561 2472 
1562 2678 
1563 1842 
1564 2241 
1565 2188 
1567 2981 1725 
1568 2976 
1569 2592 
1570 2998 
1571 2966 
1572 2335 
1576 1680 
1578 2084 
1579 1897 
1580 1670 2250 
1581 2715 
1582 2657 
1584 2771 
1585 2844 1971 
1586 1779 
1587 2451 
1588 1798 
1589 2505 
1590 1819 2253 
1591 2860 
1592 2121 1716 
1593 2081 1705 
1594 2947 
1595 2148 
1596 2301 
1597 2577 
1598 2197 
1599 2238 
1600 2538 2225 
1602 2961 
1603 1729 
1604 1659 1951 
1605 1615 2777 
1606 2098 
1608 2760 
1609 2195 
1611 2568 
1612 2129 2119 
1613 2375 2049 
1614 1747 
1617 2012 
1621 2574 
1622 1835 2111 
1623 2027 
1624 2923 
1625 1728 
1626 2258 
1628 1879 
1629 2635 
1630 2503 2869 
1631 2820 
1634 2385 
1635 2361 
1636 2684 
1637 2358 
1638 1963 
1639 2097 2894 
1641 2182 
1644 1686 
1645 2869 
1646 2295 
1648 2908 2294 
1650 2771 2748 
1651 2775 
1652 2373 
1653 1984 
1655 1902 2944 
1657 2366 
1658 2913 
1660 1677 
1661 2677 
1662 2802 2557 
1663 1683 1863 
1664 2191 
1665 2629 2411 
1666 2035 
1671 2441 
1672 2739 
1673 2847 
1675 2588 
1676 1860 
1678 2992 
1679 2573 1826 
1680 2501 
1681 2147 
1683 1761 
1684 2374 
1685 2654 2145 
1687 2130 2138 
1688 2237 
1689 2478 2083 
1691 2775 2709 
1692 2714 
1693 2287 
1694 1709 2000 
1695 2600 
1696 2945 2985 
1698 1997 2422 
1699 2272 
1701 2726 
1704 2902 2066 
1706 2125 
1707 2537 
1709 2183 
1710 2455 
1711 2024 
1712 2018 
1713 2599 2531 
1714 2928 1857 
1715 2575 
1717 2598 
1719 2286 2206 
1720 2202 
1721 2846 
1723 2757 
1724 2196 
1725 1755 
1726 2521 
1727 1968 2233 
1728 2011 
1733 2957 
1735 2989 
1736 2117 
1737 2264 
1738 2044 
1739 2452 2576 
1740 1960 
1741 2377 
1743 2116 2345 
1744 1966 
1748 1908 2289 
1749 2034 2679 
1750 2064 
1751 2118 
1752 2723 
1753 2659 
1754 2788 1855 
1755 2719 
1756 1811 1859 
1757 2855 
1758 2293 
1760 2728 
1762 2022 
1763 2689 1860 
1765 2088 
1766 2022 
1768 2466 
1770 2886 
1771 2808 
1773 1889 
1774 2305 
1775 2078 
1776 1961 
1777 2510 
1780 2671 2334 
1781 1927 2550 
1782 1920 
1784 2444 2500 
1786 2607 2239 
1787 2419 
1789 1885 
1790 2915 
1793 2753 
1794 2943 
1795 2071 
1796 2191 2183 
1797 2547 1943 
1798 2817 
1799 2707 
1800 1940 
1801 1808 
1803 2459 
1804 2041 2260 
1805 2367 2151 
1806 2672 2887 
1807 2800 
1808 2199 
1809 2511 2429 
1810 2000 
1813 2051 
1814 2453 
1815 2540 
1817 2058 
1818 2761 
1820 2621 
1822 2968 
1823 1910 
1825 2498 
1826 2461 
1828 1912 
1829 2813 
1832 2677 2561 
1833 2763 
1834 1886 
1836 2898 
1837 1888 2105 
1838 2142 2164 
1839 2348 
1841 2909 
1843 2708 
1844 1928 
1845 2907 
1846 1890 1989 
1847 2888 2126 
1849 2708 
1850 2397 
1851 2770 
1855 1996 
1856 2713 
1859 1883 
1861 2392 
1862 2458 
1865 1955 
1866 2954 
1867 2117 
1869 2643 
1870 2505 
1871 2411 
1873 1906 
1874 2893 
1875 2446 2835 
1876 2844 
1878 2032 2449 
1883 2712 
1885 2254 
1888 2127 
1889 2563 
1891 2790 
1892 2394 
1893 2756 
1894 2465 
1895 2473 
1896 2937 
1898 1934 
1899 2069 
1902 1956 
1903 2139 
1904 2345 2854 
1905 2633 
1907 2901 
1908 2059 
1910 2381 
1911 2457 
1913 2324 
1914 2693 2433 
1915 2280 
1916 2681 
1918 2934 
1919 2853 
1922 2736 
1923 2527 2750 
1924 2079 
1925 2159 
1928 2851 
1930 2297 
1934 2061 
1935 2476 
1936 2405 
1940 2122 
1941 2933 
1942 2648 
1944 2683 
1945 2055 2910 
1946 2572 
1947 1980 
1949 2529 
1950 2961 
1951 2787 
1953 2234 
1954 2336 
1955 2406 
1957 2548 
1959 2223 
1961 1995 
1962 2597 
1964 2930 
1965 2696 
1969 2773 
1970 2412 
1972 2705 
1973 2470 2179 
1974 2189 
1975 2544 2006 
1977 2140 2023 
1978 2807 
1980 2151 
1982 2713 
1983 2509 
1987 2995 2003 
1988 2899 
1989 2304 
1990 2979 
1991 2365 2565 
1993 2568 
1994 2162 2286 
1995 2836 
1996 2938 
2001 2339 
2004 2932 
2006 2408 
2013 2256 
2014 2214 
2015 2872 
2016 2358 2908 
2017 2744 2590 
2018 2028 
2020 2815 2837 
2024 2587 
2028 2324 
2029 2798 
2030 2895 
2032 2252 
2033 2906 
2036 2770 
2037 2517 
2039 2642 
2041 2581 
2043 2522 2160 
2044 2656 
2046 2766 
2047 2573 
2050 2670 
2052 2128 2491 
2053 2355 
2054 2525 
2055 2244 
2056 2543 
2059 2531 
2060 2821 
2061 2362 
2063 2785 
2064 2650 
2066 2220 
2067 2325 
2070 2313 
2073 2480 
2074 2436 2474 
2075 2632 
2076 2442 
2077 2672 
2082 2606 
2086 2277 
2088 2109 
2089 2694 2524 
2090 2827 
2093 2361 
2096 2181 2435 
2098 2623 
2100 2891 
2101 2812 
2102 2542 
2103 2982 
2106 2389 
2107 2585 
2110 2549 
2112 2457 
2113 2424 2856 
2114 2268 
2116 2646 
2120 2156 
2122 2639 
2123 2987 
2124 2162 
2125 2214 
2126 2929 
2129 2572 
2130 2582 
2131 2668 2912 
2133 2690 
2135 2473 
2137 2867 2513 
2139 2881 
2142 2874 
2143 2172 
2145 2168 
2146 2892 
2153 2839 
2158 2400 
2161 2970 2174 
2163 2165 
2165 2215 
2166 2843 
2167 2766 2867 
2169 2549 
2170 2657 
2173 2896 
2175 2432 
2176 2260 
2178 2388 2318 
2180 2843 
2181 2709 
2184 2783 
2185 2952 
2186 2688 
2187 2359 2937 
2189 2644 
2193 2471 
2194 2886 
2197 2502 
2198 2583 2570 
2200 2453 
2201 2321 
2203 2764 
2207 2331 
2208 2499 
2209 2759 
2212 2864 2581 
2217 2415 2794 
2218 2517 
2223 2868 
2224 2408 2963 
2225 2384 
2228 2898 
2230 2636 
2231 2321 
2232 2824 
2235 2511 
2237 2396 
2238 2821 
2243 2664 2423 
2244 2743 
2246 2721 2436 
2247 2702 2751 
2248 2765 
2249 2906 
2250 2333 
2251 2518 
2253 2302 
2254 2409 
2255 2789 
2256 2642 
2257 2613 
2258 2491 
2259 2519 
2262 2982 
2263 2627 
2264 2357 
2268 2884 
2271 2309 
2281 2719 
2284 2929 
2287 2424 
2289 2734 
2290 2782 
2291 2409 
2292 2540 
2294 2418 
2296 2994 
2298 2589 
2300 2819 
2301 2401 
2303 2637 
2307 2889 
2308 2863 
2312 2838 
2314 2941 
2315 2354 
2316 2526 
2317 2562 
2320 2729 
2323 2684 
2326 2368 
2328 2445 
2329 2633 
2330 2955 
2333 2697 
2337 2778 2933 
2339 2393 
2340 2654 
2342 2882 
2343 2464 2632 
2350 2712 
2353 2752 
2360 2666 
2362 2890 
2363 2998 
2369 2693 
2370 2951 2802 
2371 2730 
2379 2514 2466 
2384 2439 
2386 2471 2626 
2389 2931 
2391 2402 
2395 2897 
2396 2410 
2412 2640 
2414 2747 
2415 2984 
2417 2965 
2420 2939 
2421 2852 
2432 2915 
2433 2699 
2439 2893 
2441 2535 
2443 2448 
2444 2502 
2445 2974 
2448 2488 
2451 2745 
2454 2700 
2455 2874 
2456 2665 
2460 2716 
2468 2842 
2472 2788 
2479 2492 
2484 2757 2683 
2486 2512 
2493 2847 
2495 2687 
2497 2519 
2498 2616 
2500 2928 
2504 2861 
2506 2563 
2508 2652 
2512 2777 
2521 2884 
2527 2840 
2529 2971 
2534 2732 
2536 2953 
2541 2945 
2544 2701 
2545 2608 2870 
2552 2675 
2554 2651 
2559 2578 2796 
2561 2591 
2564 2877 
2567 2737 
2569 2849 
2571 2603 2691 
2578 2676 
2580 2616 
2583 2971 
2584 2866 
2587 2873 
2588 2988 
2589 2767 
2590 2977 
2593 2736 
2596 2879 
2600 2769 
2605 2655 
2606 2748 
2614 2830 
2618 2698 
2621 2673 
2625 2640 
2626 2687 
2631 2912 
2639 2791 
2644 2866 
2648 2865 
2656 2960 
2659 2931 
2661 2926 2911 
2663 2786 
2664 2738 
2667 2703 
2676 2742 
2682 2760 
2692 2818 
2695 2805 
2710 2966 
2722 2917 
2724 2852 
2733 2780 
2741 2956 
2744 2992 
2754 2907 
2758 2861 
2779 2968 
2781 2941 
2784 2818 
2786 2942 
2790 2990 
2797 2994 
2799 2836 
2801 2923 
2806 2964 
2810 2879 
2817 2925 
2820 2904 
2822 2840 
2826 2891 2897 
2827 2960 
2849 2930 
2850 2946 
2856 2905 
2875 2889 
2924 2948 
structure 2999 1 false
delete
0
1
2
3
4
5
6
7
8
9
10
11
12
13
14
15
16
17
18
19
20
21
22
23
24
25
26
27
28
29
30
31
32
33
34
35
36
37
38
39
40
41
42
43
44
45
46
47
48
49
50
51
52
53
54
55
56
57
58
59
60
61
62
63
64
65
66
67
68
69
70
71
72
73
74
75
76
77
78
79
80
81
82
83
84
85
86
87
88
89
90
91
92
93
94
95
96
97
98
99
100
101
102
103
104
105
106
107
108
109
110
111
112
113
114
115
116
117
118
119
120
121
122
123
124
125
126
127
128
129
130
131
132
133
134
135
136
137
138
139
140
141
142
143
144
145
146
147
148
149
150
151
152
153
154
155
156
157
158
159
160
161
162
163
164
165
166
167
168
169
170
171
172
173
174
175
176
177
178
179
180
181
182
183
184
185
186
187
188
189
190
191
192
193
194
195
196
197
198
199
200
201
202
203
204
205
206
207
208
209
210
211
212
213
214
215
216
217
218
219
220
221
222
223
224
225
226
227
228
229
230
231
232
233
234
235
236
237
238
239
240
241
242
243
244
245
246
247
248
249
250
251
252
253
254
255
256
257
258
259
260
261
262
263
264
265
266
267
268
269
270
271
272
273
274
275
276
277
278
279
280
281
282
283
284
285
286
287
288
289
290
291
292
293
294
295
296
297
298
299
300
301
302
303
304
305
306
307
308
309
310
311
312
313
314
315
316
317
318
319
320
321
322
323
324
325
326
327
328
329
330
331
332
333
334
335
336
337
338
339
340
341
342
343
344
345
346
347
348
349
350
351
352
353
354
355
356
357
358
359
360
361
362
363
364
365
366
367
368
369
370
371
372
373
374
375
376
377
378
379
380
381
382
383
384
385
386
387
388
389
390
391
392
393
394
395
396
397
398
399
400
401
402
403
404
405
406
407
408
409
410
411
412
413
414
415
416
417
418
419
420
421
422
423
424
425
426
427
428
429
430
431
432
433
434
435
436
437
438
439
440
441
442
443
444
445
446
447
448
449
450
451
452
453
454
455
456
457
458
459
460
461
462
463
464
465
466
467
468
469
470
471
472
473
474
475
476
477
478
479
480
481
482
483
484
485
486
487
488
489
490
491
492
493
494
495
496
497
498
499
500
501
502
503
504
505
506
507
508
509
510
511
512
513
514
515
516
517
518
519
520
521
522
523
524
525
526
527
528
529
530
531
532
533
534
535
536
537
538
539
540
541
542
543
544
545
546
547
548
549
550
551
552
553
554
555
556
557
558
559
560
561
562
563
564
565
566
567
568
569
570
571
572
573
574
575
576
577
578
579
580
581
582
583
584
585
586
587
588
589
590
591
592
593
594
595
596
597
598
599
600
601
602
603
604
605
606
607
608
609
610
611
612
613
614
615
616
617
618
619
620
621
622
623
624
625
626
627
628
629
630
631
632
633
634
635
636
637
638
639
640
641
642
643
644
645
646
647
648
649
650
651
652
653
654
655
656
657
658
659
660
661
662
663
664
665
666
667
668
669
670
671
672
673
674
675
676
677
678
679
680
681
682
683
684
685
686
687
688
689
690
691
692
693
694
695
696
697
698
699
700
701
702
703
704
705
706
707
708
709
710
711
712
713
714
715
716
717
718
719
720
721
722
723
724
725
726
727
728
729
730
731
732
733
734
735
736
737
738
739
740
741
742
743
744
745
746
747
748
749
structure 1695 1305 false